   0.0000000000000000        0.0000000000000000       -0.0000000000000000        0.0000000000000000       -0.0000000000000000        0.0000000000000000        0.0000000000000000        0.0000000000000000        0.0000000000000000        0.0000000000000000        1.0000000000000000E-002   0.0000000000000000     
   9.9999999999999985E-003   0.0000000000000000       -0.0000000000000000        4.9578267340541719E-003  -0.0000000000000000        0.0000000000000000        0.0000000000000000        7.5589996981288940E-007   0.0000000000000000        3.1024187194008231E-004   1.0000000000000000E-002   8.5999999999999998E-004
   1.9999999999999997E-002   0.0000000000000000       -0.0000000000000000        8.9845912988870489E-003   5.6597994242666952E-073   0.0000000000000000        0.0000000000000000        1.5010039108016706E-006   0.0000000000000000        7.6594012252664237E-004   1.0000000000000000E-002   2.1499999999999996E-003
   2.9999999999999995E-002   0.0000000000000000       -0.0000000000000000        1.2568504153553752E-002  -5.6597994242666952E-072   0.0000000000000000        0.0000000000000000        2.2367725952746163E-006   0.0000000000000000        1.2113064520332733E-003   1.0000000000000000E-002   3.4399999999999995E-003
   3.9999999999999994E-002   0.0000000000000000       -0.0000000000000000        1.5845621034148220E-002  -1.8111358157653425E-071   0.0000000000000000        0.0000000000000000        2.9640826846549703E-006   0.0000000000000000        1.6460878518113362E-003   1.0000000000000000E-002   4.7299999999999990E-003
   4.9999999999999996E-002   0.0000000000000000       -0.0000000000000000        1.8886776889925336E-002  -1.3583518618240069E-071   0.0000000000000000        0.0000000000000000        3.6835851468015035E-006   0.0000000000000000        2.0702974614787203E-003   1.0000000000000000E-002   6.0199999999999993E-003
   5.9999999999999998E-002   0.0000000000000000       -0.0000000000000000        2.1736268305035777E-002  -4.5278395394133562E-072   0.0000000000000000        0.0000000000000000        4.3957988158777997E-006   0.0000000000000000        2.4841931000551105E-003   1.0000000000000000E-002   7.3099999999999997E-003
   6.9999999999999993E-002   0.0000000000000000       -0.0000000000000000        2.4424690596202836E-002  -1.8111358157653425E-071   0.0000000000000000        0.0000000000000000        5.1011544141151833E-006   0.0000000000000000        2.8881247592608267E-003   1.0000000000000000E-002   8.6000000000000000E-003
   7.9999999999999988E-002   0.0000000000000000       -0.0000000000000000        2.6974542055314611E-002  -0.0000000000000000        0.0000000000000000        0.0000000000000000        5.8000192961826339E-006   0.0000000000000000        3.2824855495459915E-003   1.0000000000000000E-002   9.8899999999999995E-003
   8.9999999999999983E-002   0.0000000000000000       -0.0000000000000000        2.9403100909232056E-002  -2.7167037236480137E-071   0.0000000000000000        0.0000000000000000        6.4927129071684537E-006   0.0000000000000000        3.6676856796719888E-003   1.0000000000000000E-002   1.1179999999999999E-002
   9.9999999999999978E-002   0.0000000000000000       -0.0000000000000000        3.1724067893757951E-002  -2.2639197697066781E-071   0.0000000000000000        0.0000000000000000        7.1795171455826751E-006   0.0000000000000000        4.0440403423286459E-003   1.0000000000000000E-002   1.2469999999999998E-002
  0.10999999999999997        0.0000000000000000       -0.0000000000000000        3.3948577860866719E-002  -1.8111358157653425E-071   0.0000000000000000        0.0000000000000000        7.8606836745110665E-006   0.0000000000000000        4.4177473617497210E-003   1.0000000000000000E-002   1.3759999999999998E-002
  0.11999999999999997        0.0000000000000000       -0.0000000000000000        3.6085859296645290E-002  -2.7167037236480137E-071   0.0000000000000000        0.0000000000000000        8.5364392839322119E-006   0.0000000000000000        4.7906697462904097E-003   1.0000000000000000E-002   1.5049999999999997E-002
  0.12999999999999995        0.0000000000000000       -0.0000000000000000        3.8143683849888879E-002  -4.5278395394133562E-072   0.0000000000000000        0.0000000000000000        9.2069899460487390E-006   0.0000000000000000        5.1568993346109669E-003   1.0000000000000000E-002   1.6339999999999993E-002
  0.13999999999999993        0.0000000000000000       -0.0000000000000000        4.0128683888471683E-002  -4.5278395394133562E-072   0.0000000000000000        0.0000000000000000        9.8725239593455167E-006   0.0000000000000000        5.5165965922664064E-003   1.0000000000000000E-002   1.7629999999999993E-002
  0.14999999999999991        0.0000000000000000       -0.0000000000000000        4.2046583526039988E-002  -0.0000000000000000        0.0000000000000000        0.0000000000000000        1.0533214436839442E-005   0.0000000000000000        5.8699248129786734E-003   1.0000000000000000E-002   1.8919999999999989E-002
  0.15999999999999989        0.0000000000000000       -0.0000000000000000        4.3902370891965942E-002   3.1128896833466824E-072   0.0000000000000000        0.0000000000000000        1.1189221309777674E-005   0.0000000000000000        6.2170480325888294E-003   1.0000000000000000E-002   2.0209999999999988E-002
  0.16999999999999987        0.0000000000000000       -0.0000000000000000        4.5700429310187404E-002  -2.2639197697066781E-072   0.0000000000000000        0.0000000000000000        1.1840692965258514E-005   0.0000000000000000        6.5581295038918269E-003   1.0000000000000000E-002   2.1499999999999984E-002
  0.17999999999999985        0.0000000000000000       -0.0000000000000000        4.7444639009194267E-002   2.4903117466773459E-071   0.0000000000000000        0.0000000000000000        1.2487767601951783E-005   0.0000000000000000        6.8933305779915466E-003   1.0000000000000000E-002   2.2789999999999984E-002
  0.18999999999999984        0.0000000000000000       -0.0000000000000000        4.9138457233717917E-002   3.6222716315306849E-071   0.0000000000000000        0.0000000000000000        1.3130574365114539E-005   0.0000000000000000        7.2228278171164294E-003   1.0000000000000000E-002   2.4079999999999980E-002
  0.19999999999999982        0.0000000000000000       -0.0000000000000000        5.0784982223251417E-002   2.7167037236480137E-071   0.0000000000000000        0.0000000000000000        1.3769234306288604E-005   0.0000000000000000        7.5468110665653943E-003   1.0000000000000000E-002   2.5369999999999979E-002
  0.20999999999999980        0.0000000000000000       -0.0000000000000000        5.2387004936413933E-002   2.7167037236480137E-071   0.0000000000000000        0.0000000000000000        1.4403861201935485E-005   0.0000000000000000        7.8653817209083481E-003   1.0000000000000000E-002   2.6659999999999975E-002
  0.21999999999999978        0.0000000000000000       -0.0000000000000000        5.3947051328237822E-002  -4.5278395394133562E-071   0.0000000000000000        0.0000000000000000        1.5034562257268048E-005   0.0000000000000000        8.1786871817989340E-003   1.0000000000000000E-002   2.7949999999999971E-002
  0.22999999999999976        0.0000000000000000       -0.0000000000000000        5.5467417247062084E-002   9.0556790788267124E-072   0.0000000000000000        0.0000000000000000        1.5661438715689047E-005   0.0000000000000000        8.4868706927215681E-003   1.0000000000000000E-002   2.9239999999999971E-002
  0.23999999999999974        0.0000000000000000       -0.0000000000000000        5.6950197496286180E-002   1.8111358157653425E-071   0.0000000000000000        0.0000000000000000        1.6284586389898564E-005   0.0000000000000000        8.7900712327392706E-003   1.0000000000000000E-002   3.0529999999999967E-002
  0.24999999999999972        0.0000000000000000       -0.0000000000000000        5.8397310232564101E-002   1.0866814894592055E-070   0.0000000000000000        0.0000000000000000        1.6904096127453283E-005   0.0000000000000000        9.0884234722706566E-003   1.0000000000000000E-002   3.1819999999999966E-002
  0.25999999999999979        0.0000000000000000       -0.0000000000000000        5.9810517599968055E-002   1.0866814894592055E-070   0.0000000000000000        0.0000000000000000        1.7520054221055266E-005   0.0000000000000000        9.3820577764340187E-003   1.0000000000000000E-002   3.3109999999999973E-002
  0.26999999999999985        0.0000000000000000       -0.0000000000000000        6.1191443298760251E-002   1.4489086526122740E-070   0.0000000000000000        0.0000000000000000        1.8132542771910227E-005   0.0000000000000000        9.6711002446119958E-003   1.0000000000000000E-002   3.4399999999999979E-002
  0.27999999999999992        0.0000000000000000       -0.0000000000000000        6.2541587637101534E-002   7.2445432630613699E-071   0.0000000000000000        0.0000000000000000        1.8741640012981352E-005   0.0000000000000000        9.9556727773109401E-003   1.0000000000000000E-002   3.5689999999999986E-002
  0.28999999999999998        0.0000000000000000       -0.0000000000000000        6.3862340500224518E-002  -3.6222716315306849E-071   0.0000000000000000        0.0000000000000000        1.9347420597768754E-005   0.0000000000000000        1.0235893163282340E-002   1.0000000000000000E-002   3.6979999999999999E-002
  0.30000000000000004        0.0000000000000000       -0.0000000000000000        6.5154992584491131E-002  -7.2445432630613699E-071   0.0000000000000000        0.0000000000000000        1.9949955859292615E-005   0.0000000000000000        1.0511875181363485E-002   1.0000000000000000E-002   3.8270000000000005E-002
  0.31000000000000011        0.0000000000000000       -0.0000000000000000        6.6420745176392931E-002  -3.6222716315306849E-071   0.0000000000000000        0.0000000000000000        2.0549314043192326E-005   0.0000000000000000        1.0783728712670818E-002   1.0000000000000000E-002   3.9560000000000012E-002
  0.32000000000000017        0.0000000000000000       -0.0000000000000000        6.7660718703978467E-002   5.4334074472960274E-071   0.0000000000000000        0.0000000000000000        2.1145560518234327E-005   0.0000000000000000        1.1051559859712385E-002   1.0000000000000000E-002   4.0850000000000018E-002
  0.33000000000000024        0.0000000000000000       -0.0000000000000000        6.8875960246801676E-002   1.0866814894592055E-070   0.0000000000000000        0.0000000000000000        2.1738757967015739E-005   0.0000000000000000        1.1315471069726411E-002   1.0000000000000000E-002   4.2140000000000032E-002
  0.34000000000000030        0.0000000000000000       -0.0000000000000000        7.0067450157630731E-002   9.0556790788267124E-071   0.0000000000000000        0.0000000000000000        2.2328966559235763E-005   0.0000000000000000        1.1575561260142227E-002   1.0000000000000000E-002   4.3430000000000038E-002
  0.35000000000000037        0.0000000000000000       -0.0000000000000000        7.1236107922884456E-002   5.4334074472960274E-071   0.0000000000000000        0.0000000000000000        2.2916244109563288E-005   0.0000000000000000        1.1838379522791671E-002   1.0000000000000000E-002   4.4720000000000044E-002
  0.36000000000000043        0.0000000000000000       -0.0000000000000000        7.2382797367608290E-002   3.6222716315306849E-071   0.0000000000000000        0.0000000000000000        2.3500646221844426E-005   0.0000000000000000        1.2104681127989981E-002   1.0000000000000000E-002   4.6010000000000051E-002
  0.37000000000000050        0.0000000000000000       -0.0000000000000000        7.3508331293637333E-002  -9.0556790788267124E-071   0.0000000000000000        0.0000000000000000        2.4082226421154599E-005   0.0000000000000000        1.2367624195199859E-002   1.0000000000000000E-002   4.7300000000000064E-002
  0.38000000000000056        0.0000000000000000       -0.0000000000000000        7.4613475625622344E-002   1.1772382802474726E-070   0.0000000000000000        0.0000000000000000        2.4661036274999545E-005   0.0000000000000000        1.2627277028937652E-002   1.0000000000000000E-002   4.8590000000000071E-002
  0.39000000000000062        0.0000000000000000       -0.0000000000000000        7.5698953128087776E-002   1.8111358157653425E-071   0.0000000000000000        0.0000000000000000        2.5237125504800579E-005   0.0000000000000000        1.2883706312191479E-002   1.0000000000000000E-002   4.9880000000000077E-002
  0.40000000000000069        0.0000000000000000       -0.0000000000000000        7.6765446747238508E-002   1.8111358157653425E-071   0.0000000000000000        0.0000000000000000        2.5810542088655247E-005   0.0000000000000000        1.3136977117630028E-002   1.0000000000000000E-002   5.1170000000000090E-002
  0.41000000000000075        0.0000000000000000       -0.0000000000000000        7.7813602623369199E-002   2.7167037236480137E-071   0.0000000000000000        0.0000000000000000        2.6381332356242629E-005   0.0000000000000000        1.3387152924450172E-002   1.0000000000000000E-002   5.2460000000000097E-002
  0.42000000000000082        0.0000000000000000       -0.0000000000000000        7.8844032813176895E-002   4.5278395394133562E-072   0.0000000000000000        0.0000000000000000        2.6949541076637341E-005   0.0000000000000000        1.3634295639775780E-002   1.0000000000000000E-002   5.3750000000000103E-002
  0.43000000000000088        0.0000000000000000       -0.0000000000000000        7.9857317755805277E-002   1.3583518618240069E-071   0.0000000000000000        0.0000000000000000        2.7515211539706779E-005   0.0000000000000000        1.3878465623692443E-002   1.0000000000000000E-002   5.5040000000000110E-002
  0.44000000000000095        0.0000000000000000       -0.0000000000000000        8.0854008511829403E-002  -0.0000000000000000        0.0000000000000000        0.0000000000000000        2.8078385631687866E-005   0.0000000000000000        1.4119721717149227E-002   1.0000000000000000E-002   5.6330000000000123E-002
  0.45000000000000101        0.0000000000000000       -0.0000000000000000        8.1834628800501866E-002  -4.9523244962333583E-073   0.0000000000000000        0.0000000000000000        2.8639103905473189E-005   0.0000000000000000        1.4358276675302380E-002   1.0000000000000000E-002   5.7620000000000129E-002
  0.46000000000000107        0.0000000000000000       -0.0000000000000000        8.2799676857271687E-002  -2.2639197697066781E-072   0.0000000000000000        0.0000000000000000        2.9197405646077358E-005   0.0000000000000000        1.4594258781146481E-002   1.0000000000000000E-002   5.8910000000000136E-002
  0.47000000000000114        0.0000000000000000       -0.0000000000000000        8.3749627130784154E-002  -2.2639197697066781E-071   0.0000000000000000        0.0000000000000000        2.9753328931704067E-005   0.0000000000000000        1.4827495129243208E-002   1.0000000000000000E-002   6.0200000000000149E-002
  0.48000000000000120        0.0000000000000000       -0.0000000000000000        8.4684931836161048E-002  -9.0556790788267124E-072   0.0000000000000000        0.0000000000000000        3.0306910690789843E-005   0.0000000000000000        1.5058038702029439E-002   1.0000000000000000E-002   6.1490000000000156E-002
  0.49000000000000127        0.0000000000000000       -0.0000000000000000        8.5606022379309324E-002  -1.8111358157653425E-071   0.0000000000000000        0.0000000000000000        3.0858186755361408E-005   0.0000000000000000        1.5285941136647734E-002   1.0000000000000000E-002   6.2780000000000169E-002
  0.50000000000000133        0.0000000000000000       -0.0000000000000000        8.6513310665225759E-002  -1.0866814894592055E-070   0.0000000000000000        0.0000000000000000        3.1407191911009585E-005   0.0000000000000000        1.5511252758393280E-002   1.0000000000000000E-002   6.4070000000000168E-002
  0.51000000000000123        0.0000000000000000       -0.0000000000000000        8.7407190301748094E-002  -7.2445432630613699E-071   0.0000000000000000        0.0000000000000000        3.1953959943752354E-005   0.0000000000000000        1.5734022614348447E-002   1.0000000000000000E-002   6.5360000000000168E-002
  0.52000000000000113        0.0000000000000000       -0.0000000000000000        8.8288037708872572E-002  -1.9922493973418767E-070   0.0000000000000000        0.0000000000000000        3.2498523684033353E-005   0.0000000000000000        1.5954298507005627E-002   1.0000000000000000E-002   6.6650000000000154E-002
  0.53000000000000103        0.0000000000000000       -0.0000000000000000        8.9156213142613294E-002  -9.0556790788267124E-071   0.0000000000000000        0.0000000000000000        3.3040915048077961E-005   0.0000000000000000        1.6172127027713548E-002   1.0000000000000000E-002   6.7940000000000139E-002
  0.54000000000000092        0.0000000000000000       -0.0000000000000000        9.0012061641379870E-002  -1.6300222341888082E-070   0.0000000000000000        0.0000000000000000        3.3581165076808880E-005   0.0000000000000000        1.6387553589812504E-002   1.0000000000000000E-002   6.9230000000000125E-002
  0.55000000000000082        0.0000000000000000       -0.0000000000000000        9.0855913901976046E-002   9.0556790788267124E-071   0.0000000000000000        0.0000000000000000        3.4119303972504038E-005   0.0000000000000000        1.6600622461348028E-002   1.0000000000000000E-002   7.0520000000000110E-002
  0.56000000000000072        0.0000000000000000       -0.0000000000000000        9.1688087091560455E-002  -9.0556790788267124E-071   0.0000000000000000        0.0000000000000000        3.4655361133363014E-005   0.0000000000000000        1.6811376797274621E-002   1.0000000000000000E-002   7.1810000000000096E-002
  0.57000000000000062        0.0000000000000000       -0.0000000000000000        9.2508885601240959E-002  -1.2677950710357397E-070   0.0000000000000000        0.0000000000000000        3.5189365186133704E-005   0.0000000000000000        1.7019858671078497E-002   1.0000000000000000E-002   7.3100000000000082E-002
  0.58000000000000052        0.0000000000000000       -0.0000000000000000        9.3318601746385274E-002  -0.0000000000000000        0.0000000000000000        0.0000000000000000        3.5721344016937183E-005   0.0000000000000000        1.7226109105763651E-002   1.0000000000000000E-002   7.4390000000000067E-002
  0.59000000000000041        0.0000000000000000       -0.0000000000000000        9.4117516418210950E-002  -3.6222716315306849E-071   0.0000000000000000        0.0000000000000000        3.6251324800417196E-005   0.0000000000000000        1.7430168104158685E-002   1.0000000000000000E-002   7.5680000000000067E-002
  0.60000000000000031        0.0000000000000000       -0.0000000000000000        9.4905899690762713E-002  -0.0000000000000000        0.0000000000000000        0.0000000000000000        3.6779334027329838E-005   0.0000000000000000        1.7632074678512057E-002   1.0000000000000000E-002   7.6970000000000052E-002
  0.61000000000000021        0.0000000000000000       -0.0000000000000000        9.5684011386973675E-002  -1.4489086526122740E-070   0.0000000000000000        0.0000000000000000        3.7305397530679168E-005   0.0000000000000000        1.7831866879353495E-002   1.0000000000000000E-002   7.8260000000000038E-002
  0.62000000000000011        0.0000000000000000       -0.0000000000000000        9.6452101607156504E-002  -2.1733629789184110E-070   0.0000000000000000        0.0000000000000000        3.7829540510496156E-005   0.0000000000000000        1.8029581823605822E-002   1.0000000000000000E-002   7.9550000000000023E-002
  0.63000000000000000        0.0000000000000000       -0.0000000000000000        9.7210411222938220E-002  -1.4489086526122740E-070   0.0000000000000000        0.0000000000000000        3.8351787557350056E-005   0.0000000000000000        1.8225255721938918E-002   1.0000000000000000E-002   8.0840000000000009E-002
  0.63999999999999990        0.0000000000000000       -0.0000000000000000        9.7959172339382602E-002  -1.0866814894592055E-070   0.0000000000000000        0.0000000000000000        3.8872162674674522E-005   0.0000000000000000        1.8418923905362396E-002   1.0000000000000000E-002   8.2129999999999995E-002
  0.64999999999999980        0.0000000000000000       -0.0000000000000000        9.8698608727774695E-002  -2.1733629789184110E-070   0.0000000000000000        0.0000000000000000        3.9390689299984428E-005   0.0000000000000000        1.8610620851057941E-002   1.0000000000000000E-002   8.3419999999999980E-002
  0.65999999999999970        0.0000000000000000       -0.0000000000000000        9.9428936231328396E-002  -0.0000000000000000        0.0000000000000000        0.0000000000000000        3.9907390325052759E-005   0.0000000000000000        1.8800380207456481E-002   1.0000000000000000E-002   8.4709999999999966E-002
  0.66999999999999960        0.0000000000000000       -0.0000000000000000       0.10015036314586637       -2.1733629789184110E-070   0.0000000000000000        0.0000000000000000        4.0422288115112626E-005   0.0000000000000000        1.8988234818567908E-002   1.0000000000000000E-002   8.5999999999999951E-002
  0.67999999999999949        0.0000000000000000       -0.0000000000000000       0.10086309057734018       -7.2445432630613699E-071   0.0000000000000000        0.0000000000000000        4.0935404527143804E-005   0.0000000000000000        1.9174216747573723E-002   1.0000000000000000E-002   8.7289999999999937E-002
  0.68999999999999939        0.0000000000000000       -0.0000000000000000       0.10156731277790076       -3.6222716315306849E-070   0.0000000000000000        0.0000000000000000        4.1446760927299234E-005   0.0000000000000000        1.9358357299695064E-002   1.0000000000000000E-002   8.8579999999999923E-002
  0.69999999999999929        0.0000000000000000       -0.0000000000000000       0.10226321746207453       -2.1733629789184110E-070   0.0000000000000000        0.0000000000000000        4.1956378207522676E-005   0.0000000000000000        1.9540687044350108E-002   1.0000000000000000E-002   8.9869999999999908E-002
  0.70999999999999919        0.0000000000000000       -0.0000000000000000       0.10295098610446923       -3.2600444683776165E-070   0.0000000000000000        0.0000000000000000        4.2464276801404895E-005   0.0000000000000000        1.9721235836616141E-002   1.0000000000000000E-002   9.1159999999999908E-002
  0.71999999999999909        0.0000000000000000       -0.0000000000000000       0.10363079422032243       -1.4489086526122740E-070   0.0000000000000000        0.0000000000000000        4.2970476699322740E-005   0.0000000000000000        1.9900032838012418E-002   1.0000000000000000E-002   9.2449999999999893E-002
  0.72999999999999898        0.0000000000000000       -0.0000000000000000       0.10430281163008091        2.5355901420714795E-070   0.0000000000000000        0.0000000000000000        4.3474997462902325E-005   0.0000000000000000        2.0077106536620818E-002   1.0000000000000000E-002   9.3739999999999879E-002
  0.73999999999999888        0.0000000000000000       -0.0000000000000000       0.10496720270911852       -3.6222716315306849E-070   0.0000000000000000        0.0000000000000000        4.3977858238843819E-005   0.0000000000000000        2.0252484766561711E-002   1.0000000000000000E-002   9.5029999999999865E-002
  0.74999999999999878        0.0000000000000000       -0.0000000000000000       0.10562412662359752       -2.1733629789184110E-070   0.0000000000000000        0.0000000000000000        4.4479077772144402E-005   0.0000000000000000        2.0426194726842876E-002   1.0000000000000000E-002   9.6319999999999850E-002
  0.75999999999999868        0.0000000000000000       -0.0000000000000000       0.10627373755340896        1.4489086526122740E-070   0.0000000000000000        0.0000000000000000        4.4978674418751878E-005   0.0000000000000000        2.0598262999599371E-002   1.0000000000000000E-002   9.7609999999999836E-002
  0.76999999999999857        0.0000000000000000       -0.0000000000000000       0.10691618490304410        7.2445432630613699E-071   0.0000000000000000        0.0000000000000000        4.5476666157680182E-005   0.0000000000000000        2.0768715567742228E-002   1.0000000000000000E-002   9.8899999999999821E-002
  0.77999999999999847        0.0000000000000000       -0.0000000000000000       0.10755161350119008       -2.1733629789184110E-070   0.0000000000000000        0.0000000000000000        4.5973070602615607E-005   0.0000000000000000        2.0937577832034177E-002   1.0000000000000000E-002  0.10018999999999981     
  0.78999999999999837        0.0000000000000000       -0.0000000000000000       0.10818016378977907       -2.1733629789184110E-070   0.0000000000000000        0.0000000000000000        4.6467905013041139E-005   0.0000000000000000        2.1104874627610088E-002   1.0000000000000000E-002  0.10147999999999979     
  0.79999999999999827        0.0000000000000000       -0.0000000000000000       0.10880197200316391        1.0866814894592055E-070   0.0000000000000000        0.0000000000000000        4.6961186304903681E-005   0.0000000000000000        2.1279760640375383E-002   1.0000000000000000E-002  0.10276999999999978     
  0.80999999999999817        0.0000000000000000       -0.0000000000000000       0.10941717033804697       -2.1733629789184110E-070   0.0000000000000000        0.0000000000000000        4.7452931060848291E-005   0.0000000000000000        2.1454618294699968E-002   1.0000000000000000E-002  0.10405999999999976     
  0.81999999999999806        0.0000000000000000       -0.0000000000000000       0.11002588711473521       -3.6222716315306849E-071   0.0000000000000000        0.0000000000000000        4.7943155540041667E-005   0.0000000000000000        2.1627984297611969E-002   1.0000000000000000E-002  0.10534999999999976     
  0.82999999999999796        0.0000000000000000       -0.0000000000000000       0.11062824693026127        1.4489086526122740E-070   0.0000000000000000        0.0000000000000000        4.8431875687605251E-005   0.0000000000000000        2.1799879412911602E-002   1.0000000000000000E-002  0.10663999999999975     
  0.83999999999999786        0.0000000000000000       -0.0000000000000000       0.11122437080386383        7.2445432630613699E-071   0.0000000000000000        0.0000000000000000        4.8919107143678075E-005   0.0000000000000000        2.1970324010304045E-002   1.0000000000000000E-002  0.10792999999999973     
  0.84999999999999776        0.0000000000000000       -0.0000000000000000       0.11181437631528957       -4.3467259578368219E-070   0.0000000000000000        0.0000000000000000        4.9404865252127593E-005   0.0000000000000000        2.2139338074212391E-002   1.0000000000000000E-002  0.10921999999999972     
  0.85999999999999766        0.0000000000000000       -0.0000000000000000       0.11239837773634617        3.6222716315306849E-071   0.0000000000000000        0.0000000000000000        4.9889165068925281E-005   0.0000000000000000        2.2306941212408435E-002   1.0000000000000000E-002  0.11050999999999971     
  0.86999999999999755        0.0000000000000000       -0.0000000000000000       0.11297648615610116       -1.4489086526122740E-070   0.0000000000000000        0.0000000000000000        5.0372021370204094E-005   0.0000000000000000        2.2473152664460403E-002   1.0000000000000000E-002  0.11179999999999969     
  0.87999999999999745        0.0000000000000000       -0.0000000000000000       0.11354880960010241       -2.5355901420714795E-070   0.0000000000000000        0.0000000000000000        5.0853448660012329E-005   0.0000000000000000        2.2637991309997968E-002   1.0000000000000000E-002  0.11308999999999968     
  0.88999999999999735        0.0000000000000000       -0.0000000000000000       0.11411545314396104       -2.5355901420714795E-070   0.0000000000000000        0.0000000000000000        5.1333461177778662E-005   0.0000000000000000        2.2801475676795340E-002   1.0000000000000000E-002  0.11437999999999966     
  0.89999999999999725        0.0000000000000000       -0.0000000000000000       0.11467651902162244       -3.6222716315306849E-070   0.0000000000000000        0.0000000000000000        5.1812072905502007E-005   0.0000000000000000        2.2963623948673403E-002   1.0000000000000000E-002  0.11566999999999965     
  0.90999999999999714        0.0000000000000000       -0.0000000000000000       0.11523210672862157       -1.8111358157653425E-070   0.0000000000000000        0.0000000000000000        5.2289297574678664E-005   0.0000000000000000        2.3124453973222586E-002   1.0000000000000000E-002  0.11695999999999963     
  0.91999999999999704        0.0000000000000000       -0.0000000000000000       0.11578231312061096        3.6222716315306849E-071   0.0000000000000000        0.0000000000000000        5.2765148672979269E-005   0.0000000000000000        2.3283983269348156E-002   1.0000000000000000E-002  0.11824999999999962     
  0.92999999999999694        0.0000000000000000       -0.0000000000000000       0.11632723250741192       -2.1733629789184110E-070   0.0000000000000000        0.0000000000000000        5.3239639450686612E-005   0.0000000000000000        2.3442229034640362E-002   1.0000000000000000E-002  0.11953999999999962     
  0.93999999999999684        0.0000000000000000       -0.0000000000000000       0.11686695674284606       -3.2600444683776165E-070   0.0000000000000000        0.0000000000000000        5.3712782926905277E-005   0.0000000000000000        2.3599208152571560E-002   1.0000000000000000E-002  0.12082999999999960     
  0.94999999999999674        0.0000000000000000       -0.0000000000000000       0.11740157531056761       -1.4489086526122740E-070   0.0000000000000000        0.0000000000000000        5.4184591895553324E-005   0.0000000000000000        2.3754937199522947E-002   1.0000000000000000E-002  0.12211999999999959     
  0.95999999999999663        0.0000000000000000       -0.0000000000000000       0.11793117540611565       -4.3467259578368219E-070   0.0000000000000000        0.0000000000000000        5.4655078931145505E-005   0.0000000000000000        2.3909432451643821E-002   1.0000000000000000E-002  0.12340999999999958     
  0.96999999999999653        0.0000000000000000       -0.0000000000000000       0.11845584201538825       -3.6222716315306849E-070   0.0000000000000000        0.0000000000000000        5.5124256394377364E-005   0.0000000000000000        2.4062709891546269E-002   1.0000000000000000E-002  0.12469999999999956     
  0.97999999999999643        0.0000000000000000       -0.0000000000000000       0.11897565798972189        4.3467259578368219E-070   0.0000000000000000        0.0000000000000000        5.5592136437518746E-005   0.0000000000000000        2.4214785214837980E-002   1.0000000000000000E-002  0.12598999999999955     
